 -26.364
 -31.116
 -16.294
 -33.269
 -12.440
 -36.868
 -21.972
 -29.761
 -14.903
 -33.905
 -13.594
 -37.352
 -20.000
 -32.988
 -13.362
 -23.077
 -14.026
 -23.744
 -31.442
 -39.546
 -36.071
 -20.985
 -21.972
 -23.090
 -25.598
 -20.838
 -21.724
 -21.249
 -27.790
 -23.872
 -27.504
 -27.615
 -29.436
 -31.517
 -17.928
 -38.494
 -13.585
 -25.323
 -16.505
 -29.991
 -18.886
 -30.322
 -18.141
 -35.288
 -22.900
 -35.429
 -22.261
 -32.527
 -23.342
 -19.061
 -25.557
 -13.620
 -22.176
 -25.586
 -28.965
 -26.052
 -18.269
 -30.380
 -19.234
 -28.377
 -23.727
 -21.690
 -29.551
 -20.273
 -35.936
 -22.481
 -22.830
 -25.857
 -32.045
 -30.958
 -21.578
 -25.412
 -22.936
 -27.923
 -25.486
 -21.607
 -29.060
 -18.384
 -26.535
 -20.497
 -19.281
 -33.981
 -23.596
 -33.153
 -11.328
 -31.818
 -20.453
 -40.124
 -17.685
 -38.866
 -12.889
 -25.724
 -19.299
 -24.503
 -33.604
 -18.222
 -42.606
 -16.985
 -25.320
 -26.458
 -19.162
 -23.849
 -21.379
 -39.367
 -28.681
 -29.548
 -25.656
 -19.718
 -21.747
 -18.313
 -27.986
 -22.935
 -33.385
 -26.359
 -25.921
 -10.910
 -31.357
 -14.278
 -32.774
 -15.941
 -28.177
 -28.503
 -21.880
 -20.597
 -19.298
 -23.174
 -31.081
 -30.140
 -24.028
 -19.812
 -26.101
 -19.721
 -33.537
 -22.392
 -36.022
 -25.585
 -27.229
 -12.888
 -29.581
 -19.986
 -40.079
 -26.762
 -29.876
 -19.386
 -25.981
 -22.852
 -31.965
 -21.277
 -35.271
 -28.322
 -23.021
 -26.299
 -25.893
 -27.849
 -22.081
 -17.579
 -14.616
 -26.783
 -26.755
 -25.768
 -25.795
 -28.974
 -34.362
 -15.820
 -31.364
 -23.794
 -30.721
 -21.602
 -33.745
 -26.914
 -25.189
 -22.800
 -25.035
 -18.502
 -17.833
 -29.138
 -28.353
 -31.044
 -30.527
 -20.613
 -27.098
 -17.874
 -32.876
 -24.249
 -31.061
 -22.783
 -15.846
 -17.718
 -22.624
 -20.447
 -21.374
 -25.386
 -25.554
 -25.966
 -25.558
 -33.618
 -23.114
 -27.703
 -24.588
 -40.260
 -29.344
 -30.321
 -22.877
 -15.291
 -24.464
 -22.256
 -20.920
 -27.492
 -23.297
 -27.768
 -25.042
 -18.934
 -23.952
 -23.316
 -28.045
 -25.910
 -32.729
 -25.423
 -33.401
 -16.287
 -24.989
 -21.792
 -28.710
 -19.972
 -37.315
 -32.340
 -18.161
 -22.756
 -29.615
 -35.871
 -32.355
 -27.650
 -25.791
 -11.632
 -34.998
 -16.463
 -29.311
  -5.940
 -38.634
 -18.344
 -26.610
 -17.476
 -25.377
 -27.581
 -17.315
 -37.725
 -12.328
 -32.280
  -5.695
 -30.747
 -19.828
 -31.884
 -25.183
 -30.061
 -21.131
 -25.226
 -26.007
 -17.681
 -30.238
 -18.613
 -33.054
 -23.375
 -21.827
 -22.693
 -21.614
 -23.129
 -19.217
 -28.857
 -30.462
 -21.252
 -21.704
 -29.536
 -21.967
 -39.481
 -32.933
 -29.316
 -27.737
 -28.341
 -25.349
 -18.833
 -23.413
 -18.735
 -32.945
 -17.383
 -26.646
 -17.155
 -19.190
 -20.477
 -41.888
 -28.922
 -29.883
 -26.171
 -26.895
 -20.987
 -22.220
 -22.043
 -20.556
 -26.893
 -18.558
 -21.796
 -28.205
 -28.275
 -15.240
 -21.398
 -14.965
 -23.686
 -21.902
 -37.716
 -22.505
 -30.828
 -28.608
 -28.211
 -28.934
 -32.562
 -29.461
 -34.581
 -15.928
 -26.183
 -17.664
 -22.803
 -28.199
 -14.654
 -31.200
 -16.790
 -38.450
  -9.657
 -28.313
 -18.096
 -41.745
 -30.209
 -22.689
 -21.379
 -19.797
 -27.530
 -25.035
 -27.757
 -17.516
 -35.185
 -22.395
 -30.066
 -20.538
 -32.778
 -32.480
 -26.611
 -25.236
 -26.184
 -20.674
 -25.606
 -28.714
 -22.631
 -26.894
 -12.799
 -33.063
 -21.094
 -28.444
 -15.997
 -31.127
 -19.195
 -21.355
 -27.397
 -38.634
 -31.003
 -23.130
 -27.914
 -19.564
 -23.882
 -22.479
 -20.714
 -29.987
 -22.226
 -27.080
 -23.035
 -22.654
 -31.527
 -32.273
 -27.059
 -30.842
 -16.230
 -24.704
 -23.733
 -29.941
 -21.737
 -35.799
 -31.442
 -27.575
 -23.235
 -31.849
 -15.789
 -36.074
 -16.616
 -20.983
 -16.646
 -13.452
 -22.711
 -32.280
 -33.064
 -31.862
 -25.806
 -19.719
 -23.220
 -18.815
 -26.461
 -16.960
 -27.835
 -23.958
 -26.424
 -22.817
 -26.233
 -23.657
 -28.623
 -24.612
 -22.780
 -32.855
 -23.282
 -25.791
 -14.686
 -23.666
 -19.441
 -31.493
 -25.817
 -33.725
 -24.265
 -24.302
 -19.127
 -25.663
 -22.752
 -26.143
 -29.639
 -19.587
 -25.174
 -21.261
 -34.332
 -18.433
 -20.953
 -19.783
 -28.432
 -28.891
 -31.896
 -21.230
 -20.231
 -20.831
 -31.436
 -27.744
 -15.167
 -26.862
 -19.177
 -30.875
 -28.705
 -27.439
 -24.945
 -24.870
 -18.879
 -21.245
 -16.487
 -34.046
 -24.394
 -41.532
 -23.679
 -14.528
 -16.741
 -23.637
 -19.827
 -31.706
 -21.829
 -30.208
 -33.719
 -23.112
 -28.967
 -18.198
 -26.022
 -15.082
 -28.946
 -29.987
 -27.147
 -30.158
 -26.343
 -29.106
 -15.689
 -19.032
 -27.120
 -28.394
 -24.888
 -23.994
 -31.504
 -24.560
 -26.382
 -31.856
 -19.028
 -33.928
 -22.341
 -26.259
 -23.259
 -25.720
 -30.616
 -20.937
 -12.143
 -12.640
 -21.720
 -23.003
 -36.227
 -22.827
 -28.490
 -31.386
 -24.388
 -22.542
 -29.227
 -31.802
 -22.466
 -19.657
 -27.535
 -20.213
 -26.394
 -20.019
 -31.549
 -23.301
 -20.758
 -19.118
 -28.566
 -25.506
 -29.536
 -23.676
 -33.818
 -17.679
 -27.474
 -10.061
 -32.643
 -19.513
 -28.110
 -26.244
 -28.944
 -21.586
 -29.699
 -29.161
 -18.927
 -23.060
 -20.307
 -24.778
 -13.357
 -22.658
 -29.753
 -29.829
 -28.415
 -20.153
 -36.997
 -17.873
 -28.164
 -10.751
 -34.950
 -17.210
 -41.983
 -18.474
 -40.127
 -13.979
 -37.565
  -9.163
 -39.453
 -10.420
 -33.724
 -12.627
 -35.734
 -11.161
 -28.282
 -16.175
 -41.956
 -17.780
 -34.398
  -3.933
 -27.187
 -10.300
 -42.223
 -13.860
 -46.132
 -18.995
 -35.506
 -19.194
 -25.942
 -26.244
 -23.117
 -24.323
 -34.090
 -27.434
 -32.197
 -22.149
 -34.535
 -31.536
 -31.115
 -31.984
 -25.569
 -14.114
 -21.611
 -20.827
 -23.793
 -23.310
 -16.311
 -27.897
 -12.552
 -36.518
 -21.831
 -30.495
 -27.462
 -25.492
 -20.881
 -22.481
 -25.065
 -22.000
 -24.175
 -31.295
 -33.967
 -30.819
 -33.179
 -20.202
 -32.502
 -18.404
 -22.309
 -21.985
 -30.557
 -30.008
 -23.163
 -23.088
 -21.324
 -19.135
 -34.826
 -23.270
 -21.738
 -25.053
 -24.449
 -30.129
 -18.076
 -27.973
 -16.682
 -21.840
 -26.266
 -26.948
 -22.771
 -21.372
 -28.858
 -21.965
 -28.657
 -16.723
 -29.229
 -27.884
 -23.225
 -25.054
 -29.097
 -24.855
 -23.125
 -30.472
 -29.875
 -35.479
 -16.556
 -35.872
 -13.783
 -28.166
 -19.892
 -28.045
 -18.271
 -24.710
 -26.801
 -39.567
 -24.403
 -23.165
 -24.838
 -16.170
 -32.516
 -23.548
 -30.031
 -25.603
 -26.734
 -29.116
 -23.012
 -28.843
 -22.683
 -30.238
 -14.739
 -23.400
 -10.591
 -27.949
 -20.582
 -15.999
 -22.882
 -27.767
 -23.850
 -23.751
 -34.949
 -14.410
 -42.424
 -19.632
 -37.832
 -15.740
 -24.211
 -18.885
 -28.427
 -26.952
 -38.098
 -27.581
 -27.495
 -17.734
 -23.393
 -25.099
 -25.860
 -22.958
 -19.448
 -22.549
 -34.152
 -18.540
 -42.291
  -6.916
 -26.831
 -15.262
 -39.627
 -19.353
 -22.105
 -24.133
 -26.477
 -37.407
 -25.979
 -35.482
 -15.486
 -28.503
 -19.764
 -24.673
 -24.828
 -24.686
 -16.995
 -23.142
 -24.130
 -23.406
 -25.078
 -20.901
 -40.551
 -29.720
 -27.112
 -17.266
 -19.351
 -30.503
 -30.389
 -33.654
 -28.630
 -30.879
 -24.436
 -15.515
 -18.462
 -14.832
 -20.198
 -28.492
 -28.241
 -31.255
 -19.936
 -24.892
 -20.668
 -30.382
 -31.866
 -28.367
 -26.843
 -20.568
 -20.005
 -23.279
 -25.823
 -15.213
 -35.218
 -19.737
 -21.976
 -17.759
 -27.994
 -22.567
 -28.892
 -16.576
 -22.407
 -24.096
 -22.586
 -27.543
 -28.866
 -28.833
 -27.402
 -29.818
 -23.468
 -27.366
 -23.901
 -30.824
 -24.584
 -24.393
 -20.873
 -21.809
 -27.022
 -31.047
 -27.289
 -14.131
 -22.126
 -24.371
 -26.791
 -26.108
 -22.026
 -19.754
 -27.252
 -30.325
 -26.658
 -21.582
 -28.305
 -29.218
 -24.896
 -30.499
 -21.032
 -30.438
 -15.892
 -22.047
 -15.972
 -21.102
 -23.912
 -31.469
 -30.740
 -33.755
 -24.433
 -31.712
 -23.829
 -24.957
 -15.025
 -19.530
 -18.349
 -20.468
 -37.690
 -30.883
 -22.088
 -29.273
 -26.839
 -19.248
 -20.250
 -28.502
 -25.152
 -16.954
 -31.502
 -22.654
 -30.842
 -20.018
 -34.136
 -16.296
 -20.880
 -25.293
 -36.683
 -26.091
 -25.940
 -20.634
 -19.896
 -19.711
 -18.874
 -26.639
 -20.534
 -36.231
 -26.692
 -29.625
 -23.968
 -31.860
 -24.680
 -18.793
 -16.811
 -37.723
 -34.496
 -32.884
 -37.282
 -22.006
 -22.080
 -17.069
 -21.149
 -28.798
 -21.077
 -33.797
 -15.844
 -31.678
  -9.710
 -31.815
 -18.887
 -28.466
 -18.692
 -29.880
 -29.637
 -37.949
 -24.513
 -25.784
 -25.513
 -18.290
 -24.949
 -28.733
 -26.179
 -23.658
 -28.597
 -17.056
 -23.442
 -13.819
 -27.720
 -26.221
 -27.183
 -20.654
 -32.274
 -22.525
 -24.618
 -23.592
 -24.820
 -29.629
 -34.288
 -26.435
 -19.618
 -22.932
 -22.607
 -32.463
 -12.896
 -15.042
 -19.081
 -23.051
 -26.552
 -26.486
 -28.223
 -27.755
 -34.261
 -34.233
 -25.646
 -31.091
 -19.955
 -19.414
 -23.992
 -29.213
 -23.241
 -17.352
 -30.858
 -11.448
 -39.779
 -21.543
 -24.106
 -19.187
 -26.740
 -27.227
 -25.671
 -29.475
 -34.588
 -20.249
 -28.762
 -24.017
 -24.627
 -14.871
 -22.298
 -21.674
 -20.238
 -31.762
 -31.754
 -26.855
 -15.606
 -32.083
 -33.448
 -25.627
 -22.946
 -20.289
 -33.647
 -29.139
 -33.584
 -17.742
 -32.020
 -21.908
 -21.007
 -11.014
 -25.102
 -25.591
 -24.601
 -14.867
 -26.206
 -23.525
 -38.560
  -9.792
 -36.757
 -17.135
 -33.180
 -14.154
 -31.057
 -18.147
 -33.811
 -20.203
 -34.249
 -17.116
 -25.319
 -14.663
 -31.777
 -18.226
 -23.974
 -16.738
 -34.406
 -20.034
 -31.410
 -16.856
 -31.975
 -24.963
 -27.175
 -25.205
 -25.382
 -28.805
 -20.275
 -18.546
 -32.801
 -34.359
 -30.553
 -27.144
 -17.556
 -24.271
 -17.548
 -29.135
 -16.562
 -32.512
 -30.578
 -21.437
 -32.710
 -19.343
 -28.398
 -21.219
 -18.441
 -30.773
 -18.830
 -33.879
 -14.621
 -26.860
 -17.535
 -35.990
 -23.813
 -33.748
 -15.987
 -34.041
 -26.451
 -39.968
 -25.717
 -33.136
 -22.148
 -27.334
 -13.582
 -19.035
 -23.295
 -30.717
 -26.377
 -32.073
 -35.121
 -31.542
 -15.502
 -22.949
 -24.525
 -22.218
 -19.943
 -20.223
 -23.924
 -19.974
 -26.070
 -25.438
 -33.709
 -17.991
 -30.068
 -22.443
 -23.832
 -16.603
 -33.590
 -11.439
 -32.556
 -14.396
 -36.180
 -23.074
 -37.134
 -23.983
 -30.350
 -30.580
 -16.848
 -15.640
 -22.117
 -24.186
 -29.323
 -11.400
 -24.465
 -21.718
 -33.544
 -24.893
 -28.159
 -22.441
 -26.100
 -23.507
 -24.116
 -21.438
 -19.593
 -30.222
 -26.020
 -32.009
 -27.371
 -22.509
 -23.788
 -22.864
 -22.122
 -34.439
 -17.389
 -40.595
 -18.395
 -34.104
 -14.199
 -29.763
 -15.964
 -33.534
 -14.697
 -33.366
 -19.819
 -34.265
 -22.943
 -24.923
 -30.794
 -26.134
 -18.826
 -37.089
 -25.538
 -23.641
 -22.455
 -25.557
 -26.277
 -37.817
 -20.974
 -29.968
 -21.348
 -34.277
 -25.075
 -32.678
 -21.830
 -25.069
  -4.566
 -26.221
 -14.415
 -20.339
 -32.160
 -26.811
 -37.758
 -25.916
 -28.861
 -24.612
 -26.641
 -27.246
 -25.546
 -19.132
 -30.513
 -20.635
 -24.174
 -18.433
 -30.153
 -12.985
 -33.158
 -16.759
 -24.814
 -30.323
 -17.570
 -29.946
 -17.753
 -29.886
 -18.298
 -29.470
 -26.724
 -33.684
 -19.924
 -15.967
 -22.073
 -32.044
 -24.988
 -32.046
 -18.104
 -23.112
 -17.862
 -32.295
 -32.560
 -24.788
 -31.309
 -28.845
 -20.419
 -28.768
 -15.614
 -33.823
 -23.370
 -35.996
 -19.613
 -22.584
  -7.347
 -18.059
 -15.903
 -31.922
 -28.249
 -24.745
 -30.817
 -25.721
 -25.348
 -35.038
 -27.497
 -34.883
 -26.770
 -26.685
 -18.655
 -15.871
 -19.200
 -24.551
 -27.593
 -24.560
 -27.055
 -25.911
 -38.394
 -13.546
 -38.075
 -12.736
 -35.211
 -19.069
 -30.172
 -14.865
 -24.920
 -20.734
 -21.589
 -23.701
 -24.089
 -26.179
 -15.150
 -20.779
 -32.533
 -28.978
 -31.972
 -16.142
 -26.624
 -26.848
 -28.238
 -18.305
 -26.157
 -20.290
 -22.352
 -27.985
 -23.815
 -27.432
 -19.646
 -27.613
 -26.798
 -37.372
 -20.894
 -32.519
 -20.022
 -24.739
 -17.446
 -38.317
 -21.866
 -31.025
 -12.831
 -23.924
 -22.475
 -24.371
 -15.421
 -20.507
 -28.099
 -34.702
 -25.897
 -21.133
 -28.981
 -22.955
 -26.126
 -23.585
 -26.968
 -17.324
 -27.960
 -17.598
 -30.732
 -31.166
 -22.670
 -24.405
 -20.432
 -26.435
 -13.416
 -29.716
 -21.314
 -38.016
 -21.332
 -33.900
 -30.269
 -26.296
 -14.025
 -20.929
 -19.700
 -22.809
 -28.323
 -24.083
 -24.581
 -28.678
 -27.044
 -30.357
 -25.160
 -36.974
 -22.102
 -36.653
 -12.705
 -35.408
 -12.273
 -40.433
 -10.369
 -37.261
  -5.719
 -32.936
 -14.469
 -32.830
 -15.980
 -25.437
 -17.258
 -31.903
 -19.749
 -37.539
 -33.308
 -23.181
 -28.831
 -24.129
 -27.457
 -34.516
 -24.345
 -31.417
 -18.764
 -32.872
 -17.461
 -24.431
 -14.661
 -34.856
 -18.816
 -44.575
 -11.574
 -30.194
 -21.627
 -25.276
 -15.611
 -19.500
 -26.699
 -26.932
 -24.567
 -30.969
 -29.357
 -13.484
 -16.095
 -17.251
 -25.893
 -27.327
 -28.669
 -23.229
 -22.187
 -37.952
 -25.251
 -29.684
 -22.529
 -31.547
 -15.201
 -22.917
 -20.283
 -27.961
 -28.726
 -32.182
 -20.340
 -33.088
 -20.074
 -27.944
 -19.579
 -26.258
 -18.154
 -14.990
 -30.544
 -18.749
 -27.937
 -17.647
 -44.472
 -18.878
 -36.487
 -15.401
 -36.447
 -25.673
 -36.785
 -17.747
 -25.919
 -17.998
 -18.483
 -18.474
 -28.593
 -25.952
 -22.299
 -23.558
 -33.113
 -25.759
 -25.465
 -20.661
 -31.640
 -24.327
 -18.735
 -20.691
 -24.652
 -29.026
 -25.897
 -22.834
 -21.118
 -16.132
 -18.965
 -17.844
 -35.321
 -26.865
 -39.538
 -14.855
 -34.151
 -17.902
 -34.916
 -21.222
 -24.961
 -27.122
 -20.878
 -23.874
 -15.433
 -32.910
 -27.367
 -34.129
 -20.496
 -36.437
 -22.060
 -24.698
 -19.386
 -17.827
 -30.477
 -22.378
 -27.594
 -22.597
 -27.623
 -18.195
 -30.380
 -26.522
 -33.258
 -16.179
 -23.517
 -19.764
 -25.900
 -22.358
 -18.441
 -32.272
 -26.892
 -38.895
 -28.891
 -20.007
 -26.791
 -23.935
 -37.625
 -17.432
 -22.493
 -22.871
 -21.048
 -22.584
 -28.176
 -22.481
 -20.736
 -31.017
 -24.304
 -31.306
 -26.450
 -28.568
 -26.806
 -23.538
 -37.560
 -20.089
 -29.763
 -23.454
 -24.088
 -21.865
 -30.014
 -25.616
 -25.216
 -16.174
 -20.649
 -23.244
 -21.503
 -37.396
 -30.169
 -26.259
 -21.648
  -9.205
 -18.009
 -26.378
 -26.205
 -36.089
 -20.454
 -22.122
 -24.273
 -27.435
 -33.022
 -29.757
 -23.053
 -12.546
 -25.638
 -21.305
 -20.307
 -17.694
 -36.444
 -23.132
 -30.738
 -16.770
 -28.604
 -33.072
 -25.987
 -30.960
 -27.653
 -24.190
 -26.590
 -23.302
 -23.532
 -19.096
 -18.520
 -34.393
 -27.613
 -28.048
 -18.151
 -25.526
 -33.755
 -19.590
 -28.434
 -18.383
 -34.032
 -17.020
 -34.843
 -18.731
 -29.707
 -30.128
 -23.229
 -25.754
 -16.664
 -22.332
 -23.841
 -32.277
 -12.048
 -37.609
 -14.767
 -29.878
 -25.022
 -21.260
 -14.930
 -25.322
 -28.296
 -29.584
 -26.207
 -32.104
 -25.921
 -35.015
 -25.258
 -33.789
 -16.853
 -39.304
 -12.021
 -29.974
 -20.435
 -21.469
 -20.905
 -30.834
 -30.787
 -31.936
 -25.830
 -30.304
 -19.000
 -27.478
 -29.363
 -23.173
 -20.871
 -18.887
 -28.700
 -25.085
 -33.383
 -21.390
 -22.704
 -23.951
 -33.308
 -32.098
 -24.910
 -26.216
 -17.731
 -39.497
 -11.322
 -37.602
 -12.290
 -19.910
 -22.221
 -21.529
 -22.578
 -36.604
 -29.531
 -22.273
 -26.822
 -24.484
 -27.604
 -11.106
 -24.591
 -14.314
 -26.130
 -32.264
 -27.134
 -27.659
 -16.331
 -32.536
 -19.027
 -32.418
 -30.575
 -38.544
 -25.905
 -27.728
 -19.791
 -33.642
  -6.589
 -39.289
 -11.765
 -22.773
 -27.120
 -34.678
 -20.151
 -24.754
 -23.143
 -22.711
 -18.243
 -28.819
 -23.975
 -23.144
 -21.471
 -22.452
 -12.260
 -33.676
 -17.365
 -37.242
 -10.701
 -25.904
 -18.124
 -36.512
 -12.391
 -33.188
 -16.790
 -34.357
 -18.328
 -26.533
 -18.863
 -23.272
 -27.661
 -32.328
 -35.471
 -25.405
 -26.066
 -19.781
 -31.676
 -23.352
 -31.117
 -20.821
 -20.412
 -21.067
 -27.553
 -29.289
 -20.104
 -20.875
 -23.125
 -19.868
 -15.431
 -18.937
 -29.351
 -32.171
 -32.816
 -30.744
 -13.861
 -31.873
 -17.230
 -32.765
 -22.455
 -25.689
 -26.991
 -21.810
 -27.221
 -34.361
 -29.043
 -36.142
 -21.676
 -37.960
 -12.677
 -33.048
  -6.446
 -37.785
 -19.812
 -33.650
 -28.213
 -12.645
 -31.335
 -11.954
 -34.215
 -19.145
 -26.965
 -18.543
 -30.809
 -19.520
 -34.222
 -19.733
 -33.846
 -24.012
 -37.147
 -16.444
 -28.942
 -15.415
 -29.225
 -24.451
 -37.123
 -14.063
 -24.502
 -23.756
 -24.664
 -26.367
 -22.999
 -34.570
 -26.248
 -33.892
 -10.118
 -39.745
 -13.239
 -40.390
 -27.234
 -27.002
 -13.501
 -34.621
 -19.532
 -34.278
 -12.588
 -34.651
 -20.308
 -27.329
 -23.405
 -23.190
 -27.638
 -22.536
 -27.636
 -22.132
 -26.944
 -18.340
 -33.729
 -12.990
 -25.685
 -20.467
 -25.324
 -26.137
 -37.706
 -28.844
 -29.055
 -20.377
 -31.579
 -17.143
 -22.416
 -19.701
 -34.279
 -21.997
 -35.593
 -19.788
 -33.374
 -18.004
 -41.524
 -12.569
 -31.831
 -14.863
 -32.279
 -22.456
 -32.975
 -35.531
 -29.066
 -27.960
 -28.336
 -19.686
 -20.948
 -18.974
 -35.591
 -20.931
 -31.619
 -16.433
 -25.106
 -20.713
 -23.796
 -21.291
 -21.034
 -24.453
 -18.796
 -22.529
 -21.191
 -26.402
 -26.278
 -20.309
 -20.349
 -22.980
 -15.423
 -30.181
 -26.439
 -26.132
 -23.158
 -27.495
 -22.616
 -33.320
 -23.151
 -18.001
 -17.372
 -25.455
 -13.754
 -28.139
 -20.287
 -35.813
 -21.092
 -37.002
 -19.123
 -31.561
 -15.865
 -29.764
 -22.031
 -37.222
 -26.090
 -30.393
 -25.841
 -22.444
 -26.801
 -20.178
 -28.908
 -24.906
 -29.491
 -33.127
 -28.268
 -19.936
 -21.135
 -12.810
 -19.067
 -18.074
 -27.100
 -20.529
 -22.864
 -27.129
 -22.528
 -31.607
 -25.464
 -34.053
 -26.344
 -27.995
 -21.417
 -26.984
 -13.278
 -32.540
 -19.224
 -26.852
 -26.880
 -29.992
 -35.317
 -24.662
 -14.323
 -21.015
 -21.611
 -33.167
 -26.932
 -24.056
 -24.906
 -36.349
 -21.180
 -25.084
 -23.792
 -21.490
 -25.296
 -30.923
 -11.773
 -25.899
 -23.607
 -29.267
 -35.795
 -24.723
 -23.195
 -20.343
 -25.659
 -31.248
 -21.049
 -29.313
 -15.616
 -19.526
 -17.678
 -19.244
 -22.521
 -20.109
 -22.870
 -35.293
 -32.059
 -45.057
 -21.555
 -32.635
 -22.207
 -28.263
 -27.792
 -16.630
 -27.107
 -16.041
 -24.083
 -35.331
 -26.984
 -25.911
 -24.925
 -24.949
 -29.342
 -23.015
 -26.973
 -11.342
 -20.931
 -12.705
 -31.853
 -21.351
 -24.609
 -20.290
 -29.382
 -35.195
 -34.503
 -21.175
 -34.412
 -17.558
 -28.085
 -13.821
 -29.170
 -19.592
 -30.119
 -14.073
 -29.298
 -22.473
 -34.594
 -21.139
 -18.148
 -13.881
 -21.559
 -18.824
 -34.737
 -33.975
 -35.164
 -21.786
 -18.560
 -18.128
 -26.243
 -25.492
 -30.727
 -29.036
 -23.971
 -30.484
 -29.642
 -23.030
 -14.141
 -31.341
 -15.615
 -33.119
 -15.477
 -38.211
  -9.844
 -43.552
  -6.731
 -44.036
 -12.663
 -32.846
  -8.891
 -44.460
  -7.664
 -28.228
 -12.875
 -25.078
 -17.978
 -30.570
 -18.163
 -41.176
 -26.045
 -38.849
 -28.610
 -18.684
 -33.592
 -10.350
 -31.336
 -16.595
 -36.309
 -20.306
 -26.484
 -11.791
 -34.370
 -31.442
 -24.795
 -27.925
 -18.988
 -32.007
 -20.652
 -25.730
 -26.390
 -19.932
 -35.531
 -24.333
 -24.372
 -21.482
 -22.841
 -20.915
 -27.010
 -25.719
 -20.286
 -25.738
 -27.106
 -26.025
 -24.814
 -21.404
 -34.138
 -20.372
 -32.538
 -23.047
 -30.786
 -32.036
 -23.640
 -20.550
 -18.934
 -27.380
 -13.188
 -26.636
 -19.106
 -33.889
 -19.562
 -33.670
 -24.452
 -28.654
 -27.891
 -30.778
 -14.437
 -25.800
 -19.364
 -26.203
 -23.693
 -32.178
 -18.160
 -31.029
 -18.896
 -39.485
 -23.365
 -31.283
 -13.986
 -25.313
 -12.663
 -25.088
 -27.380
 -39.547
 -23.432
 -22.631
 -10.517
 -39.749
 -19.876
 -39.032
 -22.261
 -35.239
 -12.920
 -37.593
 -12.130
 -27.262
 -21.716
 -25.419
 -18.632
 -25.025
 -13.540
 -17.714
 -26.967
 -26.535
 -24.074
 -24.560
 -29.824
 -30.479
 -23.859
 -20.009
 -30.476
 -25.730
 -23.468
 -21.930
 -23.396
 -16.914
 -40.457
 -26.516
 -31.068
 -23.841
 -27.693
 -17.163
 -25.125
 -22.418
 -20.792
 -35.892
 -25.868
 -24.872
 -22.395
 -21.823
 -26.770
 -24.916
 -22.364
 -21.133
 -22.644
 -27.590
 -15.086
 -24.695
 -24.170
 -16.974
 -23.907
 -16.020
 -23.271
 -30.063
 -27.178
 -21.716
 -21.577
 -20.981
 -26.412
 -20.077
 -28.299
 -32.942
 -36.491
 -28.809
 -25.937
 -32.397
 -22.429
 -13.583
 -12.752
 -35.335
 -28.890
 -32.520
 -19.549
 -32.311
 -13.345
 -23.302
 -27.293
 -18.755
 -25.571
 -18.776
 -32.493
 -25.394
 -29.993
 -28.010
 -29.957
 -14.061
 -20.885
 -21.536
 -18.945
 -21.966
 -21.546
 -35.181
 -29.407
 -30.819
 -28.025
 -23.560
 -25.275
 -10.599
 -20.254
 -10.363
 -30.796
 -21.244
 -33.107
 -21.599
 -33.568
 -25.886
 -37.849
 -23.170
 -26.109
 -19.001
 -21.196
 -20.127
 -31.410
 -30.819
 -36.724
 -17.433
 -29.702
  -4.492
 -35.122
 -13.765
 -39.944
 -29.395
 -27.743
 -20.023
 -25.850
 -32.009
 -24.263
 -23.023
 -13.632
 -30.306
 -14.714
 -43.977
 -19.612
 -24.857
 -10.990
 -30.905
 -26.964
 -30.656
 -18.174
 -38.879
 -20.522
 -33.343
 -21.688
 -11.565
 -23.961
  -7.773
 -29.872
 -27.818
 -23.454
 -30.687
 -14.994
 -26.701
 -21.580
 -41.351
 -16.939
 -34.218
 -19.653
 -23.053
 -20.547
 -28.392
 -27.384
 -28.844
 -33.274
 -23.789
 -23.877
 -27.310
 -17.578
 -21.343
 -26.660
 -20.953
 -25.691
 -16.915
 -26.431
 -19.635
 -26.093
 -20.481
 -28.669
 -27.287
 -18.676
 -30.506
 -22.932
 -32.823
 -37.978
 -34.802
 -34.993
 -21.848
 -32.432
 -11.884
 -27.302
  -8.772
 -33.668
 -15.545
 -40.636
 -18.033
 -38.444
 -23.707
 -17.841
 -14.265
 -13.486
 -19.465
 -31.812
 -35.995
 -25.447
 -17.033
 -17.845
 -22.599
 -23.916
 -29.930
 -18.759
 -20.648
 -14.582
 -38.345
 -32.734
 -25.163
 -21.181
 -24.485
 -21.549
 -35.516
 -25.559
 -34.155
 -26.085
 -25.511
 -23.372
 -13.899
 -21.314
 -23.388
 -26.377
 -29.162
 -22.719
 -24.910
 -24.232
 -33.385
 -21.857
 -14.946
 -23.933
 -25.885
 -25.153
 -33.137
 -21.631
 -28.231
 -26.656
 -40.301
 -27.996
 -24.998
 -20.215
 -15.345
 -23.729
 -27.272
 -18.984
 -20.838
 -28.196
 -30.508
 -33.496
 -24.713
 -33.165
 -16.655
 -25.966
 -10.039
 -20.901
 -26.178
 -30.467
 -21.676
 -28.277
 -20.420
 -33.817
 -21.399
 -29.609
 -21.888
 -31.110
 -26.029
 -26.130
 -32.304
 -18.186
 -30.309
 -23.769
 -19.913
 -25.235
 -31.184
 -20.296
 -24.623
 -18.891
 -24.674
 -30.568
 -24.190
 -26.406
 -20.933
 -30.672
 -23.255
 -28.972
 -28.520
 -30.326
 -17.786
 -20.528
 -20.285
 -28.118
 -24.534
 -20.061
 -21.089
 -34.525
 -25.270
 -26.749
 -17.583
 -30.413
 -15.155
 -29.975
 -20.332
 -42.257
 -28.897
 -32.146
 -20.400
 -27.593
 -29.071
 -30.131
 -23.739
 -24.768
 -28.969
 -23.411
 -26.434
 -26.895
 -23.578
 -29.156
 -18.920
 -30.537
 -27.073
 -25.333
 -11.484
 -33.483
 -20.872
 -28.622
 -32.141
 -19.845
 -27.774
 -21.611
 -31.264
 -24.786
 -30.538
 -19.109
 -22.779
 -14.461
 -34.963
 -26.446
 -35.701
 -18.989
 -36.181
  -9.827
 -29.273
 -21.629
 -20.200
 -27.270
 -24.994
 -29.558
 -17.556
 -26.035
 -14.399
 -41.870
 -26.179
 -32.818
 -16.592
 -19.626
 -27.441
 -26.567
 -27.641
 -18.821
 -25.889
 -20.236
 -37.264
 -19.181
 -23.984
 -25.793
 -29.262
 -21.053
 -37.169
 -27.158
 -17.342
 -20.114
 -21.781
 -30.154
 -17.077
 -25.880
 -17.930
 -30.832
 -16.312
 -27.925
 -20.122
 -35.511
 -25.206
 -34.731
 -19.280
 -27.509
 -20.596
 -23.608
 -18.342
 -39.834
 -21.200
 -39.669
 -17.335
 -27.742
 -22.119
 -22.142
 -22.055
 -20.360
 -20.461
 -29.250
 -18.666
 -34.990
 -15.781
 -33.236
 -26.015
 -31.092
 -11.448
 -34.989
 -19.609
 -29.056
 -15.941
 -16.715
 -32.383
 -21.112
 -44.767
 -12.872
 -30.435
 -18.396
 -31.096
 -36.534
 -23.447
 -28.750
 -26.800
 -19.423
 -22.966
 -21.184
 -32.207
 -28.026
 -19.631
 -21.388
 -12.959
 -24.729
 -27.441
 -32.450
 -20.951
 -36.326
 -26.842
 -25.504
 -26.462
 -27.486
 -27.075
 -26.030
 -19.414
 -30.505
 -25.732
 -26.552
 -25.126
 -19.587
 -21.982
 -24.882
 -36.599
 -13.238
 -32.056
 -11.013
 -29.119
 -16.977
 -33.683
 -15.439
 -37.919
 -18.102
 -23.675
 -32.338
 -19.684
 -29.424
 -19.778
 -25.235
 -22.281
 -31.016
 -16.210
 -29.867
 -17.170
 -34.302
 -13.702
 -28.850
 -19.223
 -29.302
 -31.588
 -24.446
 -26.531
 -22.405
 -30.472
 -27.377
 -26.690
 -24.696
 -21.047
 -18.382
 -26.696
 -20.597
 -34.122
 -26.556
 -32.259
 -32.838
 -40.976
 -16.563
 -36.702
 -18.366
 -27.239
 -20.572
 -28.642
 -15.642
 -28.338
  -8.435
 -24.686
 -22.785
 -32.621
 -25.407
 -25.853
 -18.104
 -30.529
 -20.355
 -29.099
 -23.905
 -23.225
 -27.492
 -18.443
 -33.198
 -12.033
 -25.867
 -14.975
 -22.814
 -22.860
 -29.214
 -16.641
 -32.856
 -21.094
 -38.473
 -13.706
 -29.409
 -10.848
 -30.997
 -14.060
 -35.110
 -21.022
 -34.654
 -22.719
 -32.186
 -31.138
 -35.257
 -21.940
 -22.026
 -33.503
 -27.159
 -20.976
 -18.234
 -23.733
 -25.116
 -26.334
 -28.433
 -16.146
 -27.419
 -20.463
 -18.260
 -13.575
 -25.075
 -22.080
 -31.630
 -13.064
 -30.582
 -12.337
 -32.781
 -17.355
 -32.044
 -12.688
 -34.152
 -10.283
 -40.124
 -24.705
 -21.694
 -33.685
 -13.417
 -28.933
 -19.295
 -29.515
 -27.685
 -17.262
 -18.646
 -16.828
 -23.010
 -23.220
 -21.024
 -30.928
 -22.855
 -31.898
 -27.609
 -36.675
 -20.890
 -34.369
 -17.738
 -33.776
 -13.433
 -28.507
  -9.078
 -41.157
 -24.146
 -43.415
 -12.772
 -33.088
 -13.331
 -31.410
 -16.215
 -44.918
 -22.285
 -40.016
 -24.920
 -19.996
 -14.158
 -20.749
 -21.986
 -23.675
 -18.094
 -36.995
 -20.339
 -32.091
 -17.291
 -34.107
 -22.415
 -39.109
 -15.289
 -28.701
 -14.923
 -38.425
 -22.538
 -32.172
 -23.560
 -20.387
 -25.842
 -20.780
 -30.006
 -16.197
 -40.335
 -17.993
 -31.208
 -19.773
 -32.245
 -15.450
 -30.124
 -24.112
 -19.815
 -27.488
 -28.297
 -35.434
 -20.792
 -28.612
 -13.532
 -36.558
 -12.704
 -36.364
 -23.299
 -41.495
 -24.821
 -27.777
 -27.542
 -23.667
 -27.884
 -21.861
 -14.729
 -27.195
 -23.674
 -26.228
 -24.740
 -22.426
 -27.902
 -21.134
 -30.016
 -26.126
 -31.079
 -32.884
 -18.137
 -25.642
 -15.373
 -32.426
  -5.489
 -33.433
 -21.352
 -33.760
 -12.249
 -28.925
 -11.410
 -30.203
 -21.264
 -32.700
 -27.571
 -24.429
 -26.027
 -38.541
 -22.239
 -37.241
 -12.106
 -22.535
 -23.252
 -22.257
 -27.369
 -16.998
 -29.520
 -30.386
 -31.010
 -26.191
 -18.982
 -24.016
 -26.778
 -16.796
 -15.170
 -11.694
 -31.135
 -21.053
 -33.439
 -23.262
 -42.774
 -10.171
 -21.879
 -24.789
 -35.724
 -15.819
 -32.048
 -24.693
 -36.778
 -10.029
 -35.322
 -19.283
 -37.774
 -14.265
 -25.095
 -22.540
 -26.654
 -30.068
 -32.876
 -24.321
 -17.769
 -27.330
 -17.192
 -23.639
 -17.268
 -35.113
 -17.084
 -29.559
 -23.867
 -21.748
 -34.259
 -17.016
 -39.504
 -13.687
 -30.568
 -17.334
 -24.761
 -13.283
 -19.674
 -24.438
 -38.075
 -19.111
 -32.810
 -28.806
 -35.060
 -32.990
 -22.802
 -21.949
 -27.927
 -20.445
 -24.393
 -19.282
 -31.276
 -26.681
 -33.749
 -12.654
 -35.022
 -20.435
 -25.588
 -11.635
 -24.387
 -15.510
 -29.667
 -14.728
 -30.007
 -25.897
 -29.587
 -35.050
 -26.186
 -33.746
 -22.587
 -20.250
 -17.280
 -27.194
 -16.999
 -29.864
 -23.129
 -24.028
 -24.995
 -24.047
 -27.614
 -17.187
 -33.570
 -26.564
 -21.975
 -29.718
 -24.317
 -31.747
 -25.297
 -20.417
 -31.348
 -27.560
 -27.617
 -23.802
 -12.858
 -23.099
 -12.333
 -28.199
 -28.578
 -29.937
 -26.405
 -32.833
 -19.040
 -29.816
 -18.569
 -36.821
 -18.412
 -26.073
 -27.186
 -29.714
 -15.442
 -32.390
 -19.267
 -35.535
 -13.589
 -32.770
 -22.342
 -40.781
 -19.017
 -34.290
 -18.767
 -32.050
 -24.544
 -23.252
 -16.012
 -29.436
 -23.816
 -25.144
 -25.261
 -25.270
 -23.355
 -34.681
 -22.090
 -22.460
 -26.851
 -21.711
 -26.096
 -20.166
 -27.689
 -29.329
 -21.679
 -22.153
 -19.827
 -22.405
 -27.375
 -29.598
 -22.238
 -27.533
 -32.717
 -24.005
 -28.505
 -24.719
 -28.503
 -15.593
 -26.375
 -18.180
 -36.103
 -26.490
 -34.902
 -18.362
 -33.356
 -27.344
 -26.612
 -29.597
 -21.038
 -25.814
 -24.682
 -21.189
 -28.403
 -12.751
 -25.776
 -22.369
 -30.722
 -32.198
 -27.768
 -32.056
 -17.371
 -20.792
 -12.143
 -31.822
 -12.703
 -35.951
 -21.019
 -28.412
 -21.726
 -26.256
 -31.109
 -20.942
 -30.435
  -8.927
 -22.476
 -15.375
 -31.582
 -22.854
 -32.392
 -25.191
 -26.205
 -25.234
 -25.291
 -13.095
 -29.080
 -25.497
 -26.437
 -19.632
 -23.465
 -18.588
 -28.427
 -27.376
 -27.808
 -27.658
 -32.049
 -23.707
 -21.467
 -22.403
 -32.345
 -18.882
 -32.688
 -31.747
 -37.363
 -19.441
 -25.896
 -30.297
 -33.080
 -25.141
 -24.438
 -23.880
 -25.098
 -26.337
 -10.566
 -34.073
  -8.015
 -38.309
 -11.892
 -28.452
 -25.155
 -37.605
 -29.491
 -30.705
 -21.843
 -35.638
 -19.161
 -28.332
 -21.830
 -29.398
 -15.796
 -32.407
 -15.900
 -23.819
 -25.314
 -32.262
 -27.206
 -34.791
 -14.494
 -18.359
  -7.993
 -22.861
 -28.792
 -20.520
 -35.400
 -14.401
 -29.236
 -20.095
 -31.263
 -24.595
 -31.170
 -17.447
 -28.436
 -24.034
 -30.500
 -27.359
 -32.328
 -27.223
 -30.655
 -23.284
 -22.975
 -24.359
 -22.616
 -29.982
 -23.463
 -34.004
 -18.589
 -23.628
 -25.392
 -34.299
 -24.560
 -25.587
 -15.307
 -20.134
 -30.879
 -22.738
 -23.565
 -12.896
 -23.646
 -25.629
 -30.885
 -26.594
 -29.953
 -30.216
 -27.727
 -32.305
 -20.870
 -29.578
 -29.113
 -23.769
 -15.137
 -28.002
 -32.033
 -18.800
 -24.578
 -20.104
 -25.360
 -24.271
 -24.034
 -27.201
 -31.454
 -19.600
 -25.221
 -21.594
 -32.384
 -23.607
 -27.750
 -25.978
 -27.180
 -26.733
 -33.542
 -27.616
 -26.944
 -28.046
 -15.821
 -22.876
 -24.874
 -21.121
 -23.281
 -17.745
 -28.289
 -36.143
 -31.473
 -18.308
 -25.695
 -21.357
 -22.280
 -35.585
 -20.028
 -31.371
 -18.474
 -34.267
 -25.916
 -27.904
 -23.847
 -21.591
 -25.493
 -26.902
 -38.424
 -25.732
 -22.686
 -22.566
 -29.055
 -21.805
 -29.523
 -14.596
 -39.975
 -19.529
 -27.302
 -28.109
 -26.054
 -27.454
 -31.467
 -21.616
 -22.192
 -29.008
 -26.488
 -23.513
 -25.645
 -25.763
 -20.238
 -33.161
 -19.877
 -31.168
 -16.838
 -34.848
 -12.241
 -34.932
  -7.595
 -27.708
 -10.360
 -32.863
 -20.623
 -30.165
 -22.351
 -28.071
 -27.323
 -28.829
 -14.295
 -21.028
 -23.346
 -27.405
 -29.844
 -27.851
 -25.219
 -27.974
 -17.276
 -25.627
 -23.447
 -28.568
 -21.470
 -28.881
 -17.307
 -34.905
 -26.437
 -28.349
 -25.179
 -27.523
 -29.574
 -16.510
 -35.162
 -22.306
 -36.445
 -20.476
 -21.389
 -21.528
 -30.158
 -23.300
 -24.169
 -26.955
 -23.405
 -34.121
 -26.980
 -23.272
 -28.568
 -28.695
 -31.822
 -27.369
 -19.286
 -26.004
 -13.595
 -25.615
 -21.123
 -19.964
 -21.743
 -24.914
 -32.506
 -38.878
 -17.696
 -19.897
 -26.976
 -19.431
 -30.371
 -22.193
 -34.359
 -23.132
 -34.117
 -11.988
 -19.612
 -24.041
 -26.353
 -20.923
 -29.839
 -19.181
 -21.898
 -16.883
 -29.232
 -20.653
 -37.274
 -20.693
 -32.519
 -24.059
 -28.290
 -22.069
 -28.858
 -20.641
 -26.960
 -13.696
 -23.096
 -15.901
 -29.201
 -28.668
 -28.458
 -26.674
 -27.633
 -23.467
 -26.298
 -26.633
 -28.044
 -26.026
 -27.513
 -25.556
 -16.707
 -27.006
 -27.942
 -21.470
 -26.567
 -18.513
 -37.016
 -22.582
 -28.419
 -19.749
 -25.304
 -22.520
 -26.777
 -25.400
 -20.272
 -38.499
 -18.271
 -42.977
 -18.455
 -24.520
 -21.153
 -21.438
 -15.255
 -24.332
 -30.339
 -32.323
 -32.003
 -22.580
 -19.899
 -28.155
 -21.675
 -26.554
 -24.296
 -13.409
 -33.517
 -12.580
 -26.355
 -18.962
 -27.699
 -26.687
 -27.087
 -33.529
 -23.074
 -26.632
 -31.191
 -25.267
 -23.381
 -19.840
 -36.009
 -16.844
 -30.817
 -22.600
 -35.396
 -14.697
 -33.654
 -22.956
 -27.857
 -28.085
 -22.956
 -25.797
 -27.179
 -28.602
 -22.230
 -29.244
 -14.565
 -33.012
  -9.494
 -30.359
 -17.869
 -33.578
 -17.353
 -30.622
 -15.285
 -31.884
 -15.535
 -28.987
 -20.005
 -28.027
 -21.464
 -33.860
 -18.245
 -19.704
 -18.084
 -35.475
 -30.512
 -34.379
 -23.943
 -34.718
 -21.182
 -27.593
 -26.397
 -18.586
 -22.892
 -20.937
 -24.523
 -22.049
 -25.476
 -19.267
 -23.892
 -30.382
 -25.321
 -24.479
 -23.943
 -34.852
 -31.487
 -30.331
 -25.471
 -27.752
 -18.660
 -18.418
 -18.101
 -23.268
 -32.738
 -27.832
 -23.601
 -22.988
 -30.272
 -24.910
 -25.929
 -18.924
 -35.051
 -15.153
 -30.226
 -25.674
 -22.395
 -16.130
 -16.570
 -10.926
 -27.908
 -29.548
 -34.456
 -23.771
 -30.813
 -20.987
 -28.339
 -26.355
 -23.290
 -21.297
 -25.603
 -21.949
 -38.785
 -24.926
 -29.488
 -25.544
 -17.470
 -18.435
 -30.507
 -13.050
 -24.868
 -28.210
 -24.355
 -21.338
 -25.974
 -18.778
 -29.917
 -22.281
 -39.339
 -20.759
 -29.970
 -26.136
 -27.094
 -16.871
 -28.611
 -19.696
 -31.629
 -19.352
 -34.433
 -20.264
 -30.528
 -18.132
 -28.611
 -25.698
 -30.164
 -28.325
 -25.710
 -35.717
 -26.324
 -39.303
 -16.559
 -20.879
 -20.778
 -32.878
 -20.389
 -29.963
 -10.130
 -27.945
  -9.237
 -26.058
 -20.787
 -29.721
 -31.443
 -18.671
 -31.699
 -15.703
 -22.365
 -11.985
 -37.976
 -10.615
 -34.466
 -27.650
 -37.439
 -27.622
 -34.058
 -18.507
 -18.630
 -13.546
 -31.198
 -21.534
 -32.988
 -19.001
 -29.178
 -11.373
 -21.363
 -18.977
 -32.534
 -24.242
 -29.535
 -17.830
 -21.353
 -18.404
 -16.688
 -24.852
 -21.870
 -30.327
 -21.565
 -22.972
 -19.555
 -20.691
 -34.807
 -32.986
 -25.326
 -22.780
 -17.974
 -25.258
 -23.110
 -27.327
 -20.091
 -24.085
 -32.278
 -22.687
 -32.944
 -16.828
 -24.891
 -13.527
 -35.151
 -18.047
 -37.430
 -19.947
 -21.551
 -22.442
 -25.441
 -17.335
 -29.070
 -19.263
 -33.581
 -18.881
 -19.432
 -24.144
 -21.976
 -24.275
 -19.934
 -33.356
 -32.239
 -27.088
 -36.533
 -25.703
 -31.849
 -22.772
 -29.959
 -19.132
 -24.152
 -14.743
 -22.887
 -26.690
 -29.516
 -25.956
 -14.874
 -33.390
 -22.572
 -25.792
 -22.719
 -30.276
 -17.976
 -31.894
 -19.433
 -26.769
 -15.685
 -25.618
 -25.920
 -35.617
 -19.722
 -25.762
 -19.594
 -33.697
 -21.956
 -29.331
 -27.568
 -31.838
 -28.462
 -20.221
 -26.525
 -26.533
 -14.343
 -31.348
  -9.616
 -31.796
 -20.668
 -22.022
 -21.659
 -28.611
 -25.137
 -32.120
 -27.997
 -39.097
 -24.488
 -24.766
 -16.635
 -23.020
 -20.304
 -11.100
 -25.069
 -24.406
 -29.305
 -36.131
 -21.018
 -31.373
 -23.912
 -32.479
 -27.543
 -19.558
 -21.914
 -25.190
 -33.313
 -15.073
 -27.841
 -12.440
 -35.975
 -13.985
 -44.223
  -6.762
 -43.098
 -17.198
 -30.078
 -13.436
 -28.122
 -17.357
 -23.609
 -26.555
 -32.031
 -32.632
 -23.783
 -21.077
 -24.908
 -32.086
 -12.438
 -33.278
 -22.357
 -31.350
 -13.069
 -36.201
 -10.766
 -38.067
 -14.762
 -42.811
 -16.063
 -26.485
 -24.382
 -22.775
 -17.685
 -25.724
 -18.479
 -28.355
 -22.200
 -24.665
 -15.354
 -31.101
 -27.401
 -28.515
 -29.732
 -15.494
 -31.529
 -12.355
 -34.782
 -25.550
 -31.846
 -24.425
 -30.615
 -20.718
 -23.677
 -20.960
 -29.493
 -27.595
 -27.325
 -26.637
 -29.121
 -31.365
 -29.087
 -16.190
 -39.466
 -21.485
 -31.108
 -13.780
 -21.323
 -25.202
 -25.578
 -31.458
 -25.751
 -22.517
 -20.893
 -28.699
 -22.974
 -33.503
 -36.598
 -31.867
 -20.627
 -15.461
 -21.608
 -18.942
 -23.430
 -23.479
 -39.367
 -14.223
 -27.500
 -29.593
 -30.737
 -20.371
 -24.131
 -15.659
 -30.690
 -16.618
 -40.228
 -19.988
 -27.603
 -22.076
 -32.723
 -27.661
 -24.120
 -29.429
 -26.031
 -26.725
 -24.341
 -19.872
 -30.757
 -24.456
 -35.144
 -27.971
 -25.103
 -21.161
 -21.315
 -18.695
 -27.701
 -23.726
 -16.107
 -27.562
 -14.976
 -39.517
 -23.601
 -38.360
 -21.630
 -23.282
 -25.350
 -23.491
 -20.254
  -9.525
 -19.534
 -30.493
 -25.659
 -31.906
 -27.820
 -34.505
 -19.521
 -28.493
 -22.452
 -21.574
 -25.142
 -23.890
 -27.327
 -20.808
 -25.061
 -16.747
 -25.966
 -36.911
 -35.073
 -27.416
 -31.199
 -15.553
 -18.315
 -16.689
 -25.523
 -20.803
 -25.342
 -14.331
 -26.209
 -22.531
 -28.633
 -24.787
 -32.388
 -26.524
 -36.410
 -17.360
 -22.196
 -17.567
 -27.522
  -9.589
 -36.772
 -19.755
 -36.810
 -22.243
 -36.416
 -20.176
 -28.925
 -10.704
 -21.635
 -15.105
 -25.465
 -24.145
 -32.136
 -28.238
 -21.406
 -23.601
 -27.873
 -23.517
 -28.501
 -14.994
 -25.788
 -21.746
 -33.784
 -26.061
 -24.297
 -23.039
 -22.121
 -26.754
 -23.992
 -32.202
 -32.358
 -18.063
 -21.803
 -30.672
 -25.617
 -26.135
 -13.662
 -25.090
 -23.932
 -21.128
 -23.142
 -19.334
 -31.916
 -25.884
 -26.551
 -21.295
 -23.809
 -21.019
 -22.360
 -24.062
 -12.133
 -19.464
 -13.760
 -23.900
 -21.578
 -30.864
 -29.741
 -35.666
 -27.200
 -38.446
 -26.869
 -35.795
 -11.724
 -26.196
 -13.592
 -41.289
 -24.360
 -22.556
 -22.070
 -18.036
 -35.163
 -15.288
 -36.437
 -18.525
 -37.057
 -21.725
 -32.047
 -26.487
 -27.474
 -11.069
 -16.718
 -29.614
 -24.823
 -31.414
 -16.990
 -30.413
 -19.967
 -29.987
 -17.985
 -28.570
 -12.378
 -31.672
 -24.017
 -41.573
 -16.364
 -33.153
 -30.070
 -23.717
 -25.428
 -21.138
 -24.149
 -27.884
 -19.508
 -23.541
 -18.778
 -23.531
 -19.603
 -21.981
 -24.954
 -33.302
 -25.559
 -24.851
 -11.207
 -27.761
 -23.573
 -34.363
 -28.900
 -20.300
 -15.951
 -14.576
 -27.886
 -23.139
 -29.833
 -25.419
 -32.664
 -26.780
 -25.700
 -28.518
 -23.481
 -20.067
 -32.778
 -15.169
 -27.189
 -28.157
 -30.672
 -19.354
 -18.251
 -17.340
 -33.009
 -20.923
 -32.242
 -33.010
 -30.666
 -28.191
 -22.294
 -25.055
 -27.176
 -22.451
 -28.614
 -25.772
 -30.988
 -19.648
 -17.960
  -7.284
 -35.205
 -23.715
 -28.837
 -26.195
 -32.471
 -18.112
 -17.198
 -23.664
 -27.231
 -23.328
 -23.920
 -22.721
 -35.040
 -28.066
 -23.147
 -25.917
 -27.620
 -23.421
 -34.685
 -13.708
 -33.481
 -19.309
 -35.659
 -22.025
 -27.896
 -22.015
 -20.825
 -28.900
 -12.509
 -23.468
 -13.726
 -32.234
 -19.220
 -32.314
 -28.496
 -25.592
 -28.734
 -25.800
 -23.248
 -32.970
 -19.818
 -18.071
 -15.703
 -23.733
 -15.785
 -25.955
 -26.886
 -26.116
 -25.069
 -30.748
 -25.683
 -34.730
 -25.162
 -32.672
 -22.967
 -25.055
 -11.758
 -28.622
 -18.265
 -37.252
 -15.109
 -29.294
 -25.591
 -28.799
 -19.464
 -25.541
 -21.579
 -26.670
 -23.454
 -23.406
 -17.793
 -23.301
 -27.598
 -28.441
 -20.240
 -28.073
 -19.925
 -24.897
 -18.736
 -28.241
 -25.590
 -19.727
 -35.569
 -18.482
 -34.795
 -23.775
 -43.279
 -27.201
 -23.483
 -12.038
 -28.942
 -22.653
 -21.287
 -27.554
 -21.221
 -33.969
 -14.177
 -37.369
 -14.109
 -29.320
 -29.153
 -30.388
 -30.344
 -32.084
 -24.371
 -23.786
 -32.942
 -19.046
 -27.423
 -25.983
 -17.678
 -17.856
 -32.083
 -20.957
 -20.355
 -18.951
 -42.585
 -24.661
 -35.220
 -18.346
 -27.449
 -32.035
 -34.823
 -27.101
 -13.936
 -25.275
 -14.978
 -35.400
 -23.246
 -29.478
 -19.333
 -19.897
 -16.243
 -15.240
 -29.523
 -19.962
 -34.296
 -25.619
 -18.991
 -27.317
 -28.050
 -38.948
 -23.919
 -18.639
 -18.049
 -24.197
 -26.135
 -30.960
 -12.493
 -29.077
 -10.895
 -38.465
 -16.713
 -37.227
  -9.819
 -39.595
 -11.952
 -45.541
  -5.577
 -35.974
 -19.600
 -28.934
 -23.110
 -30.788
 -28.504
 -33.572
 -24.760
 -23.349
 -23.835
 -29.540
 -10.763
 -22.344
 -23.556
 -32.624
 -22.813
 -24.121
 -17.851
 -25.018
 -26.465
 -20.779
 -20.841
 -18.124
 -27.413
 -20.092
 -25.137
 -22.107
 -35.072
 -29.229
 -31.603
 -15.631
 -30.728
 -16.900
 -17.281
 -15.942
 -21.472
 -29.033
 -27.661
 -29.633
 -37.756
 -17.435
 -30.840
 -17.358
 -25.012
 -26.885
 -39.627
 -33.010
 -30.734
 -26.201
 -28.592
 -18.819
 -29.193
 -24.359
 -27.584
 -25.219
 -18.354
 -18.915
 -16.646
 -23.203
 -21.915
 -26.120
 -19.085
 -37.355
 -21.430
 -39.621
 -28.410
 -37.655
 -32.237
 -22.037
 -19.713
 -26.490
 -30.956
 -17.185
 -23.428
 -20.255
 -30.385
 -10.293
 -25.851
 -12.915
 -38.876
 -24.541
 -39.385
 -19.160
 -32.205
 -22.866
 -25.384
 -17.890
 -35.596
 -25.641
 -29.852
 -15.760
 -24.996
 -17.874
 -19.603
 -23.537
 -30.411
 -16.363
 -39.601
 -17.528
 -29.304
  -9.902
 -33.014
 -20.193
 -40.477
 -21.040
 -42.481
 -22.130
 -24.507
 -21.533
 -28.778
 -23.846
 -23.327
 -33.216
 -13.631
 -33.105
  -8.665
 -30.522
 -18.851
 -29.480
 -20.830
 -25.808
 -26.937
 -28.923
 -23.261
 -36.656
 -29.282
 -37.511
 -19.922
 -23.536
 -24.181
 -32.432
 -10.605
 -33.291
 -27.636
 -23.937
 -15.983
 -24.582
 -23.915
 -30.008
 -29.760
 -24.247
 -28.663
 -23.470
 -20.733
 -30.685
 -27.939
 -23.983
 -18.369
 -22.507
 -22.935
 -25.532
 -26.668
 -21.969
 -21.121
 -33.850
 -25.131
 -28.918
 -29.640
 -33.832
 -33.042
 -23.219
 -19.611
 -26.199
 -22.674
 -18.183
 -20.088
 -28.812
 -18.290
 -25.058
 -19.415
 -20.070
 -23.406
 -29.685
 -21.750
 -34.226
 -10.488
 -28.153
 -15.867
 -36.892
 -25.140
 -45.197
 -11.162
 -23.988
 -20.278
 -28.845
 -23.204
 -31.397
 -26.523
 -22.893
 -25.806
 -20.035
 -29.653
 -24.272
 -22.849
 -25.065
 -15.214
 -27.933
 -14.151
 -35.282
 -20.157
 -35.456
 -19.556
 -40.497
 -30.179
 -21.857
 -15.469
 -26.242
 -22.749
 -28.334
 -27.998
 -26.038
 -26.151
 -26.186
 -35.173
 -22.584
 -30.406
 -18.507
 -32.566
 -21.868
 -27.114
 -24.842
 -30.282
 -19.739
 -33.392
 -15.602
 -27.272
 -13.634
 -34.959
 -25.455
 -34.286
 -19.603
 -34.748
  -7.069
 -27.906
 -12.690
 -39.530
 -29.736
 -29.648
 -27.912
 -18.209
 -30.735
 -15.735
 -27.641
 -20.708
 -26.174
 -18.107
 -31.734
 -24.681
 -25.827
 -24.709
 -21.265
 -20.034
 -21.842
 -24.644
 -18.547
 -30.535
 -28.388
 -30.722
 -30.673
 -31.023
 -24.100
 -23.318
 -23.046
 -21.462
 -15.726
 -30.355
 -27.737
 -33.027
 -24.141
 -24.425
 -26.252
 -21.456
 -35.510
 -19.776
 -29.001
 -22.049
 -27.074
 -23.483
 -25.166
 -32.260
 -25.630
 -31.386
 -30.196
 -18.702
 -14.793
 -26.729
 -13.028
 -36.459
 -24.330
 -24.487
 -19.256
 -20.407
 -29.822
 -36.991
 -25.424
 -27.921
 -13.307
 -28.236
 -22.598
 -38.346
 -27.250
 -36.576
  -8.999
 -30.167
 -12.542
 -35.815
 -10.021
 -36.497
 -14.542
 -31.463
 -17.343
 -35.506
 -25.370
 -36.261
 -22.972
 -32.958
 -19.836
 -38.959
 -22.753
 -20.822
 -23.036
 -25.455
 -34.676
 -20.512
 -21.669
 -21.125
 -19.520
 -20.921
 -31.906
 -21.378
 -38.637
 -16.266
 -26.716
 -13.557
 -26.798
 -16.224
 -33.354
 -20.039
 -32.123
 -18.704
 -33.316
 -16.379
 -28.833
 -19.849
 -36.257
 -26.595
 -20.582
 -18.338
 -27.687
 -32.084
 -24.260
 -21.699
 -22.145
 -16.603
 -40.587
 -25.579
 -32.604
  -8.390
 -22.233
 -15.124
 -35.692
 -22.533
 -26.893
 -16.461
 -29.851
 -27.742
 -34.841
 -28.838
 -24.513
 -22.081
 -26.094
 -18.450
 -34.221
 -20.153
 -17.369
 -12.678
 -27.762
 -29.069
 -23.061
 -32.391
 -26.936
 -33.625
 -25.606
 -16.659
 -32.963
 -19.147
 -29.878
 -23.161
 -19.844
 -30.824
 -15.840
 -29.860
 -27.725
 -26.582
 -28.379
 -21.754
 -20.503
 -13.463
 -27.718
 -16.043
 -29.841
 -21.711
 -24.034
 -23.958
 -29.927
 -20.926
 -27.413
 -18.662
 -20.512
 -28.589
 -14.188
 -31.459
 -11.238
 -31.179
 -16.116
 -29.369
 -20.066
 -24.497
 -18.137
 -23.073
 -38.281
 -22.806
 -34.993
 -19.585
 -30.291
 -21.558
 -18.737
 -21.463
 -25.696
 -24.026
 -14.897
 -28.907
 -18.195
 -31.329
 -21.517
 -41.581
 -15.821
 -20.732
 -16.868
 -21.830
 -34.456
 -36.925
 -39.831
 -14.809
 -30.617
  -8.242
 -25.205
 -28.306
 -27.750
 -28.589
 -24.862
 -21.017
 -21.655
 -24.207
 -26.787
 -35.961
 -32.058
 -29.980
 -25.395
 -32.543
 -15.167
 -22.508
  -8.788
 -26.432
 -18.038
 -35.006
 -14.654
 -38.317
 -16.283
 -23.237
 -19.203
 -33.822
 -14.270
 -34.886
 -25.751
 -29.069
 -19.213
 -31.931
 -17.675
 -26.936
 -30.413
 -19.327
 -26.684
 -35.818
 -22.120
 -30.006
 -17.415
 -40.543
 -16.417
 -25.496
  -8.943
 -32.385
 -20.064
 -35.472
 -20.962
 -36.825
 -28.868
 -22.139
 -29.334
 -19.239
 -26.813
 -15.268
 -30.620
 -18.681
 -33.174
 -21.838
 -36.439
 -25.228
 -26.713
  -6.664
 -23.693
 -15.337
 -27.215
 -14.029
 -38.699
 -19.530
 -29.766
 -17.481
 -41.413
 -15.569
 -28.530
 -23.187
 -21.552
 -22.746
 -13.526
 -20.574
 -22.494
 -21.703
 -25.550
 -30.341
 -29.001
 -29.760
 -38.104
 -25.930
 -16.750
 -19.154
 -20.895
 -14.334
 -28.705
 -19.207
 -26.861
 -23.905
 -34.755
 -27.389
 -27.561
 -26.443
 -23.410
 -27.618
 -21.468
 -26.148
 -24.938
 -25.920
 -33.395
 -25.921
 -13.450
 -30.430
 -18.764
 -40.165
 -21.757
 -37.856
 -13.003
 -28.746
 -23.196
 -24.019
 -21.831
 -25.789
 -25.997
 -14.999
 -27.825
 -19.805
 -38.486
 -29.072
 -34.565
 -13.326
 -20.967
 -21.782
 -22.393
 -23.684
 -21.297
 -25.101
 -16.563
 -35.270
 -29.742
 -29.315
 -28.864
 -21.606
 -19.603
 -26.711
 -24.458
 -36.114
 -11.047
 -32.914
 -16.023
 -33.652
 -22.081
 -33.374
 -25.431
 -28.707
 -13.267
 -27.904
 -14.696
 -31.781
 -21.491
 -23.007
 -22.807
 -27.788
 -19.002
 -30.354
 -17.971
 -32.554
 -21.174
 -31.475
 -15.693
 -23.285
 -28.825
 -20.663
 -28.391
 -15.677
 -34.868
 -18.854
 -22.849
 -26.627
 -35.909
 -17.930
 -30.996
 -23.508
 -27.092
 -22.037
 -31.326
 -27.770
 -31.091
 -25.634
 -32.904
 -18.483
 -29.547
 -29.489
 -27.259
 -24.094
 -22.737
 -28.664
 -28.299
 -24.606
 -21.722
 -22.221
 -22.094
 -20.898
 -25.653
 -18.837
 -28.504
 -19.076
 -33.774
 -19.289
 -33.561
 -15.874
 -33.222
 -22.839
 -29.032
 -23.583
 -29.459
 -25.139
 -27.725
 -16.290
 -27.639
 -24.037
 -33.065
 -24.327
 -29.458
 -18.310
 -33.204
 -17.217
 -18.488
 -22.759
 -21.999
 -18.145
 -29.883
 -33.054
 -36.613
 -22.990
 -29.312
 -16.995
 -29.564
 -25.465
 -26.798
 -18.878
 -20.842
 -17.556
 -27.922
 -24.870
 -24.575
 -20.841
 -17.921
 -21.035
 -25.446
 -22.201
 -21.727
 -19.632
 -27.295
 -22.041
 -21.515
 -16.718
 -30.826
 -27.177
 -20.051
 -19.583
 -13.164
 -25.062
 -29.994
 -32.707
 -23.866
 -37.297
 -21.380
 -22.242
 -15.151
 -25.864
 -21.860
 -20.325
 -28.092
 -20.603
 -28.850
 -16.109
 -33.139
 -23.304
 -31.721
 -21.449
 -27.429
 -31.508
 -34.584
 -21.218
 -18.266
 -19.374
 -23.905
 -21.511
 -29.801
 -28.010
 -31.269
 -23.667
 -18.810
 -18.966
 -23.350
 -16.813
 -20.093
 -33.409
 -23.915
 -29.554
 -21.684
 -24.483
 -24.471
 -18.009
 -23.572
 -13.618
 -34.305
 -25.234
 -35.515
  -9.511
 -24.127
 -15.969
 -33.643
 -24.091
 -33.525
 -27.058
 -27.953
 -30.802
 -17.673
 -31.067
 -19.569
 -30.100
 -15.367
 -32.091
 -18.846
 -30.654
 -17.561
 -26.048
 -33.615
 -23.117
 -28.434
 -22.431
 -26.980
 -18.746
 -24.432
 -23.554
 -19.083
 -29.928
 -19.583
 -32.917
 -26.323
 -27.952
 -18.477
 -38.228
 -20.746
 -24.755
 -13.230
 -30.517
 -19.141
 -36.458
 -17.116
 -29.015
 -21.215
 -26.656
 -29.368
 -23.229
 -23.896
 -17.756
 -29.908
 -28.204
 -34.253
 -21.934
 -30.378
 -11.037
 -32.659
 -21.807
 -35.070
 -25.492
 -31.792
 -20.315
 -32.018
 -17.934
 -33.767
 -23.343
 -21.558
 -25.172
 -15.855
 -27.054
 -26.985
 -34.900
 -19.807
 -27.864
 -14.059
 -29.013
 -15.737
 -36.561
 -17.399
 -36.349
 -23.191
 -27.995
 -18.090
 -30.728
 -21.426
 -33.051
 -20.884
 -26.268
 -24.127
 -30.443
 -21.432
 -18.820
 -14.499
 -22.231
 -26.922
 -37.415
 -23.765
 -40.827
 -20.683
 -27.472
 -26.490
 -29.976
 -29.067
 -13.350
 -23.531
 -20.522
 -37.957
 -25.998
 -33.918
 -28.187
 -34.311
 -14.889
 -26.865
 -11.750
 -26.441
 -10.966
 -35.969
  -9.067
 -38.344
 -18.379
 -27.285
 -17.470
 -33.046
 -13.396
 -25.556
 -23.979
 -29.224
 -24.718
 -26.059
 -22.028
 -15.299
 -32.839
 -20.167
 -34.261
 -28.599
 -27.312
 -16.818
 -28.017
 -15.538
 -32.827
  -8.856
 -35.476
 -22.275
 -35.919
 -12.740
 -25.579
 -25.332
 -24.170
 -20.061
 -29.115
 -33.838
 -24.781
 -33.514
 -18.292
 -29.240
 -17.427
 -22.501
 -18.082
 -30.048
 -27.720
 -28.216
 -21.545
 -29.599
 -24.530
 -31.710
 -11.637
 -33.245
 -16.449
 -24.818
 -29.333
 -23.756
 -16.822
 -27.577
 -20.445
 -17.546
 -30.783
 -18.043
 -33.864
 -18.692
 -35.802
 -15.114
 -36.468
 -17.033
 -41.076
 -14.229
 -36.877
 -18.515
 -36.372
 -10.348
 -28.443
 -13.548
 -38.428
 -21.716
 -37.438
 -13.258
 -33.314
  -7.763
 -33.864
 -15.854
 -35.060
 -24.056
 -29.442
 -21.433
 -25.555